Leap IDE /workspace/simple-ocean-programs/Basic_Programs/05Nov2020 $ python 2216.py
Program: Title: DW_Qubo_EatRunny_A
vr: 04 Nov 2020 22:21 e


Set for real QM 
Loaded matrix: 
 [[-2.  2.  2. ...  0.  0.  2.]
 [ 0. -2.  2. ...  0.  0.  0.]
 [ 0.  0. -2. ...  0.  0.  0.]
 ...
 [ 0.  0.  0. ...  0.  0. -2.]
 [ 0.  0.  0. ...  0.  0. -2.]
 [ 0.  0.  0. ...  0.  0. -2.]] 

Converted matrix into QUBO for D-Wave:
 {(0, 0): -2.0, (1, 1): -2.0, (2, 2): -2.0, (3, 3): -2.0, (4, 4): -2.0, (5, 5): -2.0, (6, 6): 2.0, (7, 7): -2.0, (8, 8): -2.0, (9, 9): -2.0, (10, 10): -2.0, (11, 11): -2.0, (12, 12): 2.0, (13, 13): -2.0, (14, 14): -2.0, (15, 15): -2.0, (16, 16): -2.0, (17, 17): -2.0, (18, 18): 2.0, (19, 19): -2.0, (20, 20): -2.0, (21, 21): -2.0, (22, 22): -2.0, (23, 23): -2.0, (24, 24): 2.0, (25, 25): -2.0, (26, 26): -2.0, (27, 27): -2.0, (28, 28): -2.0, (29, 29): -2.0, (30, 30): 2.0, (31, 31): -2.0, (32, 32): -2.0, (33, 33): -2.0, (34, 34): -2.0, (35, 35): -2.0, (36, 36): 2.0, (37, 37): -2.0, (38, 38): -2.0, (39, 39): -2.0, (40, 40): -2.0, (41, 41): -2.0, (42, 42): 2.0, (43, 43): -2.0, (44, 44): -2.0, (45, 45): -2.0, (46, 46): -2.0, (47, 47): -2.0, (48, 48): -2.0, (49, 49): 0.0, (50, 50): 0.0, (51, 51): 0.0, (52, 52): 0.0, (53, 53): 0.0, (54, 54): 0.0, (55, 55): 0.0, (56, 56): 0.0, (57, 57): 0.0, (58, 58): 0.0, (59, 59): 0.0, (60, 60): 0.0, (61, 61): 0.0, (62, 62): 0.0, (63, 63): 0.0, (0, 1): 2.0, (0, 2): 2.0, (0, 3): 2.0, (0, 4): 2.0, (0, 5): 2.0, (0, 6): 2.0, (0, 7): 2.0, (0, 8): 2.0, (0, 14): 2.0, (0, 16): 2.0, (0, 21): 2.0, (0, 24): 2.0, (0, 28): 2.0, (0, 32): 2.0, (0, 35): 2.0, (0, 40): 2.0, (0, 42): 2.0, (0, 48): 2.0, (1, 2): 2.0, (1, 3): 2.0, (1, 4): 2.0, (1, 5): 2.0, (1, 6): 2.0, (1, 7): 2.0, (1, 8): 2.0, (1, 9): 2.0, (1, 15): 2.0, (1, 17): 2.0, (1, 22): 2.0, (1, 25): 2.0, (1, 29): 2.0, (1, 33): 2.0, (1, 36): 2.0, (1, 41): 2.0, (1, 43): 2.0, (2, 3): 2.0, (2, 4): 2.0, (2, 5): 2.0, (2, 6): 2.0, (2, 8): 2.0, (2, 9): 2.0, (2, 10): 2.0, (2, 14): 2.0, (2, 16): 2.0, (2, 18): 2.0, (2, 23): 2.0, (2, 26): 2.0, (2, 30): 2.0, (2, 34): 2.0, (2, 37): 2.0, (2, 44): 2.0, (3, 4): 2.0, (3, 5): 2.0, (3, 6): 2.0, (3, 9): 2.0, (3, 10): 2.0, (3, 11): 2.0, (3, 15): 2.0, (3, 17): 2.0, (3, 19): 2.0, (3, 21): 2.0, (3, 24): 2.0, (3, 27): 2.0, (3, 31): 2.0, (3, 38): 2.0, (3, 45): 2.0, (4, 5): 2.0, (4, 6): 2.0, (4, 10): 2.0, (4, 11): 2.0, (4, 12): 2.0, (4, 16): 2.0, (4, 18): 2.0, (4, 20): 2.0, (4, 22): 2.0, (4, 25): 2.0, (4, 28): 2.0, (4, 32): 2.0, (4, 39): 2.0, (4, 46): 2.0, (5, 6): 2.0, (5, 11): 2.0, (5, 12): 2.0, (5, 13): 2.0, (5, 17): 2.0, (5, 19): 2.0, (5, 23): 2.0, (5, 26): 2.0, (5, 29): 2.0, (5, 33): 2.0, (5, 35): 2.0, (5, 40): 2.0, (5, 47): 2.0, (6, 12): 2.0, (6, 13): 2.0, (6, 18): 2.0, (6, 20): 2.0, (6, 24): 2.0, (6, 27): 2.0, (6, 30): 2.0, (6, 34): 2.0, (6, 36): 2.0, (6, 41): 2.0, (6, 42): 2.0, (6, 48): 2.0, (7, 8): 2.0, (7, 9): 2.0, (7, 10): 2.0, (7, 11): 2.0, (7, 12): 2.0, (7, 13): 2.0, (7, 14): 2.0, (7, 15): 2.0, (7, 21): 2.0, (7, 23): 2.0, (7, 28): 2.0, (7, 31): 2.0, (7, 35): 2.0, (7, 39): 2.0, (7, 42): 2.0, (7, 47): 2.0, (8, 9): 2.0, (8, 10): 2.0, (8, 11): 2.0, (8, 12): 2.0, (8, 13): 2.0, (8, 14): 2.0, (8, 15): 2.0, (8, 16): 2.0, (8, 22): 2.0, (8, 24): 2.0, (8, 29): 2.0, (8, 32): 2.0, (8, 36): 2.0, (8, 40): 2.0, (8, 43): 2.0, (8, 48): 2.0, (9, 10): 2.0, (9, 11): 2.0, (9, 12): 2.0, (9, 13): 2.0, (9, 15): 2.0, (9, 16): 2.0, (9, 17): 2.0, (9, 21): 2.0, (9, 23): 2.0, (9, 25): 2.0, (9, 30): 2.0, (9, 33): 2.0, (9, 37): 2.0, (9, 41): 2.0, (9, 44): 2.0, (10, 11): 2.0, (10, 12): 2.0, (10, 13): 2.0, (10, 16): 2.0, (10, 17): 2.0, (10, 18): 2.0, (10, 22): 2.0, (10, 24): 2.0, (10, 26): 2.0, (10, 28): 2.0, (10, 31): 2.0, (10, 34): 2.0, (10, 38): 2.0, (10, 45): 2.0, (11, 12): 2.0, (11, 13): 2.0, (11, 17): 2.0, (11, 18): 2.0, (11, 19): 2.0, (11, 23): 2.0, (11, 25): 2.0, (11, 27): 2.0, (11, 29): 2.0, (11, 32): 2.0, (11, 35): 2.0, (11, 39): 2.0, (11, 46): 2.0, (12, 13): 2.0, (12, 18): 2.0, (12, 19): 2.0, (12, 20): 2.0, (12, 24): 2.0, (12, 26): 2.0, (12, 30): 2.0, (12, 33): 2.0, (12, 36): 2.0, (12, 40): 2.0, (12, 42): 2.0, (12, 47): 2.0, (13, 19): 2.0, (13, 20): 2.0, (13, 25): 2.0, (13, 27): 2.0, (13, 31): 2.0, (13, 34): 2.0, (13, 37): 2.0, (13, 41): 2.0, (13, 43): 2.0, (13, 48): 2.0, (14, 15): 2.0, (14, 16): 2.0, (14, 17): 2.0, (14, 18): 2.0, (14, 19): 2.0, (14, 20): 2.0, (14, 21): 2.0, (14, 22): 2.0, (14, 28): 2.0, (14, 30): 2.0, (14, 35): 2.0, (14, 38): 2.0, (14, 42): 2.0, (14, 46): 2.0, (15, 16): 2.0, (15, 17): 2.0, (15, 18): 2.0, (15, 19): 2.0, (15, 20): 2.0, (15, 21): 2.0, (15, 22): 2.0, (15, 23): 2.0, (15, 29): 2.0, (15, 31): 2.0, (15, 36): 2.0, (15, 39): 2.0, (15, 43): 2.0, (15, 47): 2.0, (16, 17): 2.0, (16, 18): 2.0, (16, 19): 2.0, (16, 20): 2.0, (16, 22): 2.0, (16, 23): 2.0, (16, 24): 2.0, (16, 28): 2.0, (16, 30): 2.0, (16, 32): 2.0, (16, 37): 2.0, (16, 40): 2.0, (16, 44): 2.0, (16, 48): 2.0, (17, 18): 2.0, (17, 19): 2.0, (17, 20): 2.0, (17, 23): 2.0, (17, 24): 2.0, (17, 25): 2.0, (17, 29): 2.0, (17, 31): 2.0, (17, 33): 2.0, (17, 35): 2.0, (17, 38): 2.0, (17, 41): 2.0, (17, 45): 2.0, (18, 19): 2.0, (18, 20): 2.0, (18, 24): 2.0, (18, 25): 2.0, (18, 26): 2.0, (18, 30): 2.0, (18, 32): 2.0, (18, 34): 2.0, (18, 36): 2.0, (18, 39): 2.0, (18, 42): 2.0, (18, 46): 2.0, (19, 20): 2.0, (19, 25): 2.0, (19, 26): 2.0, (19, 27): 2.0, (19, 31): 2.0, (19, 33): 2.0, (19, 37): 2.0, (19, 40): 2.0, (19, 43): 2.0, (19, 47): 2.0, (20, 26): 2.0, (20, 27): 2.0, (20, 32): 2.0, (20, 34): 2.0, (20, 38): 2.0, (20, 41): 2.0, (20, 44): 2.0, (20, 48): 2.0, (21, 22): 2.0, (21, 23): 2.0, (21, 24): 2.0, (21, 25): 2.0, (21, 26): 2.0, (21, 27): 2.0, (21, 28): 2.0, (21, 29): 2.0, (21, 35): 2.0, (21, 37): 2.0, (21, 42): 2.0, (21, 45): 2.0, (22, 23): 2.0, (22, 24): 2.0, (22, 25): 2.0, (22, 26): 2.0, (22, 27): 2.0, (22, 28): 2.0, (22, 29): 2.0, (22, 30): 2.0, (22, 36): 2.0, (22, 38): 2.0, (22, 43): 2.0, (22, 46): 2.0, (23, 24): 2.0, (23, 25): 2.0, (23, 26): 2.0, (23, 27): 2.0, (23, 29): 2.0, (23, 30): 2.0, (23, 31): 2.0, (23, 35): 2.0, (23, 37): 2.0, (23, 39): 2.0, (23, 44): 2.0, (23, 47): 2.0, (24, 25): 2.0, (24, 26): 2.0, (24, 27): 2.0, (24, 30): 2.0, (24, 31): 2.0, (24, 32): 2.0, (24, 36): 2.0, (24, 38): 2.0, (24, 40): 2.0, (24, 42): 2.0, (24, 45): 2.0, (24, 48): 2.0, (25, 26): 2.0, (25, 27): 2.0, (25, 31): 2.0, (25, 32): 2.0, (25, 33): 2.0, (25, 37): 2.0, (25, 39): 2.0, (25, 41): 2.0, (25, 43): 2.0, (25, 46): 2.0, (26, 27): 2.0, (26, 32): 2.0, (26, 33): 2.0, (26, 34): 2.0, (26, 38): 2.0, (26, 40): 2.0, (26, 44): 2.0, (26, 47): 2.0, (27, 33): 2.0, (27, 34): 2.0, (27, 39): 2.0, (27, 41): 2.0, (27, 45): 2.0, (27, 48): 2.0, (28, 29): 2.0, (28, 30): 2.0, (28, 31): 2.0, (28, 32): 2.0, (28, 33): 2.0, (28, 34): 2.0, (28, 35): 2.0, (28, 36): 2.0, (28, 42): 2.0, (28, 44): 2.0, (29, 30): 2.0, (29, 31): 2.0, (29, 32): 2.0, (29, 33): 2.0, (29, 34): 2.0, (29, 35): 2.0, (29, 36): 2.0, (29, 37): 2.0, (29, 43): 2.0, (29, 45): 2.0, (30, 31): 2.0, (30, 32): 2.0, (30, 33): 2.0, (30, 34): 2.0, (30, 36): 2.0, (30, 37): 2.0, (30, 38): 2.0, (30, 42): 2.0, (30, 44): 2.0, (30, 46): 2.0, (31, 32): 2.0, (31, 33): 2.0, (31, 34): 2.0, (31, 37): 2.0, (31, 38): 2.0, (31, 39): 2.0, (31, 43): 2.0, (31, 45): 2.0, (31, 47): 2.0, (32, 33): 2.0, (32, 34): 2.0, (32, 38): 2.0, (32, 39): 2.0, (32, 40): 2.0, (32, 44): 2.0, (32, 46): 2.0, (32, 48): 2.0, (33, 34): 2.0, (33, 39): 2.0, (33, 40): 2.0, (33, 41): 2.0, (33, 45): 2.0, (33, 47): 2.0, (34, 40): 2.0, (34, 41): 2.0, (34, 46): 2.0, (34, 48): 2.0, (35, 36): 2.0, (35, 37): 2.0, (35, 38): 2.0, (35, 39): 2.0, (35, 40): 2.0, (35, 41): 2.0, (35, 42): 2.0, (35, 43): 2.0, (36, 37): 2.0, (36, 38): 2.0, (36, 39): 2.0, (36, 40): 2.0, (36, 41): 2.0, (36, 42): 2.0, (36, 43): 2.0, (36, 44): 2.0, (37, 38): 2.0, (37, 39): 2.0, (37, 40): 2.0, (37, 41): 2.0, (37, 43): 2.0, (37, 44): 2.0, (37, 45): 2.0, (38, 39): 2.0, (38, 40): 2.0, (38, 41): 2.0, (38, 44): 2.0, (38, 45): 2.0, (38, 46): 2.0, (39, 40): 2.0, (39, 41): 2.0, (39, 45): 2.0, (39, 46): 2.0, (39, 47): 2.0, (40, 41): 2.0, (40, 46): 2.0, (40, 47): 2.0, (40, 48): 2.0, (41, 47): 2.0, (41, 48): 2.0, (42, 43): 2.0, (42, 44): 2.0, (42, 45): 2.0, (42, 46): 2.0, (42, 47): 2.0, (42, 48): 2.0, (43, 44): 2.0, (43, 45): 2.0, (43, 46): 2.0, (43, 47): 2.0, (43, 48): 2.0, (44, 45): 2.0, (44, 46): 2.0, (44, 47): 2.0, (44, 48): 2.0, (45, 46): 2.0, (45, 47): 2.0, (45, 48): 2.0, (46, 47): 2.0, (46, 48): 2.0, (47, 48): 2.0, (49, 48): -2.0, (50, 48): -2.0, (51, 48): -2.0, (52, 48): -2.0, (53, 48): -2.0, (54, 48): -2.0, (55, 48): -2.0, (56, 48): -2.0, (57, 48): -2.0, (58, 48): -2.0, (59, 48): -2.0, (60, 48): -2.0, (61, 48): -2.0, (62, 48): -2.0, (63, 48): -2.0} 

Intention fact: Hack at matrixes to grasp whats is really happening / Using DW QM in Vancouver! 
Response from the D-Wave:
      0  1  2  3  4  5  6  7  8  9 10 11 12 13 14 15 ... 63 energy num_oc. ...
0    0  0  1  0  0  1  0  0  0  0  0  1  0  0  0  1 ...  1  -34.0       1 ...
1    0  0  0  0  0  0  0  0  0  1  0  0  0  0  1  0 ...  1  -34.0       1 ...
2    0  0  0  0  1  0  0  0  0  1  0  0  0  0  1  0 ...  0  -32.0       1 ...
3    0  0  1  0  0  0  0  0  0  0  0  0  0  0  0  1 ...  1  -32.0       1 ...
4    0  0  0  0  1  0  0  1  0  0  0  0  0  0  1  0 ...  1  -30.0       1 ...
5    0  0  1  0  0  0  0  0  0  1  0  0  0  0  0  0 ...  1  -30.0       1 ...
6    0  0  1  0  0  0  0  1  0  0  0  0  0  1  0  0 ...  1  -30.0       1 ...
94   0  1  0  0  0  0  0  0  1  0  0  0  0  0  0  0 ...  1  -30.0       1 ...
7    0  0  0  0  0  0  0  0  0  0  0  0  0  0  0  0 ...  1  -28.0       1 ...
8    0  0  0  0  1  0  0  0  0  0  1  0  0  1  0  0 ...  1  -28.0       1 ...
9    0  0  1  1  0  0  0  0  0  0  0  0  1  0  0  0 ...  1  -28.0       1 ...
10   0  1  0  0  0  0  0  1  0  0  0  0  0  0  0  0 ...  1  -28.0       1 ...
11   0  0  1  0  0  0  0  0  0  0  1  0  0  0  0  1 ...  1  -28.0       1 ...
12   0  1  0  0  0  0  0  0  1  0  0  0  0  0  0  0 ...  0  -28.0       1 ...
13   0  1  1  0  0  0  0  1  0  0  1  0  0  0  0  0 ...  1  -28.0       1 ...
14   0  0  1  0  0  0  0  0  0  0  0  0  0  0  0  0 ...  1  -26.0       1 ...
15   0  1  1  0  0  0  0  0  0  0  0  0  0  0  1  0 ...  1  -26.0       1 ...
16   0  0  0  1  0  0  0  0  1  0  0  1  0  0  0  0 ...  1  -26.0       1 ...
17   0  1  0  0  1  0  0  0  0  0  0  0  0  0  1  0 ...  1  -26.0       1 ...
18   0  0  1  0  0  0  0  0  0  1  0  0  0  0  0  0 ...  1  -26.0       1 ...
19   0  0  1  0  0  0  0  1  0  0  0  0  0  0  0  0 ...  1  -26.0       1 ...
20   0  0  0  1  0  0  0  0  0  0  0  0  0  0  0  0 ...  1  -26.0       1 ...
127  0  1  1  0  0  0  0  0  0  0  0  0  0  1  0  1 ...  1  -26.0       1 ...
128  0  1  0  0  0  0  0  0  0  1  0  0  0  0  0  0 ...  1  -26.0       1 ...
21   0  0  0  1  0  0  0  0  0  1  0  0  0  0  0  0 ...  1  -24.0       1 ...
22   0  1  0  0  0  0  0  0  0  0  0  0  0  0  0  0 ...  1  -24.0       1 ...
23   0  1  0  1  0  0  0  0  0  0  0  0  0  0  0  0 ...  1  -24.0       1 ...
24   0  0  0  0  1  0  0  0  0  0  0  0  0  0  1  0 ...  1  -24.0       1 ...
25   0  1  0  0  0  0  0  0  1  0  0  0  0  0  0  0 ...  1  -24.0       1 ...
26   0  0  1  1  0  0  0  0  0  0  0  0  0  0  0  0 ...  0  -24.0       1 ...
27   1  0  0  1  0  0  0  0  1  0  0  0  0  0  0  0 ...  1  -24.0       1 ...
28   0  1  1  0  0  0  0  1  0  0  0  0  0  0  1  0 ...  1  -24.0       1 ...
29   0  0  1  1  0  0  0  0  1  0  0  0  0  0  0  0 ...  1  -24.0       1 ...
30   0  0  0  0  0  0  0  0  0  0  0  0  1  0  0  0 ...  1  -24.0       1 ...
31   0  0  1  0  0  0  0  0  0  0  0  0  0  1  0  0 ...  0  -24.0       1 ...
32   0  1  0  0  0  0  0  0  0  0  0  0  0  0  1  0 ...  0  -24.0       1 ...
33   0  0  0  0  1  0  0  0  0  0  0  0  0  0  1  0 ...  1  -24.0       1 ...
34   1  0  0  0  0  0  0  0  0  0  0  0  0  0  1  0 ...  1  -24.0       1 ...
35   0  0  1  1  0  0  0  0  0  0  0  0  0  1  1  0 ...  0  -24.0       1 ...
36   0  0  0  1  0  0  0  0  0  0  0  0  0  1  0  0 ...  1  -24.0       1 ...
37   0  0  0  0  0  0  0  0  0  0  1  0  0  0  0  0 ...  0  -22.0       1 ...
38   0  0  0  0  0  1  0  0  1  0  0  0  0  0  0  0 ...  0  -22.0       1 ...
39   0  0  0  1  0  0  0  1  0  0  0  0  0  0  0  0 ...  0  -22.0       1 ...
40   1  0  0  0  0  0  0  0  0  1  0  0  0  0  0  0 ...  1  -22.0       1 ...
41   0  0  0  1  0  0  0  0  0  0  0  1  0  0  1  0 ...  1  -22.0       1 ...
42   0  0  0  0  0  1  0  1  0  0  0  0  0  0  0  0 ...  1  -22.0       1 ...
43   0  0  1  0  0  0  0  1  0  0  0  0  0  0  0  0 ...  1  -22.0       1 ...
44   0  0  0  0  0  0  0  0  0  1  0  0  0  1  0  0 ...  1  -22.0       1 ...
45   0  0  0  0  0  0  1  0  0  0  0  0  0  0  0  0 ...  1  -20.0       1 ...
46   0  1  0  0  0  1  0  0  0  0  1  0  0  0  1  0 ...  1  -20.0       1 ...
47   1  1  1  0  0  0  0  0  0  0  0  1  0  0  0  1 ...  1  -20.0       1 ...
48   0  1  0  0  1  0  0  0  0  1  0  0  0  0  1  0 ...  0  -20.0       1 ...
49   0  0  1  0  0  0  0  0  0  0  0  0  1  0  0  0 ...  0  -20.0       1 ...
50   0  0  1  0  0  0  0  0  0  0  0  0  0  0  0  0 ...  1  -20.0       1 ...
51   0  1  1  0  0  0  0  1  0  0  0  0  0  0  1  0 ...  1  -20.0       1 ...
52   0  0  1  0  0  0  0  0  0  0  0  0  0  0  0  0 ...  0  -20.0       1 ...
53   0  0  0  0  0  1  0  0  0  0  0  0  0  0  0  0 ...  1  -20.0       1 ...
54   0  1  1  0  0  0  0  0  0  0  0  1  0  0  1  0 ...  1  -20.0       1 ...
55   1  0  0  0  0  0  0  0  0  1  0  0  1  0  0  0 ...  1  -20.0       1 ...
56   0  0  1  0  0  0  0  0  0  1  0  0  0  1  0  0 ...  1  -20.0       1 ...
57   0  0  1  0  0  0  0  1  0  0  1  1  0  0  0  0 ...  1  -20.0       1 ...
58   0  0  1  0  0  1  0  1  0  0  1  0  0  0  0  0 ...  0  -20.0       1 ...
59   0  0  0  1  0  0  0  1  0  0  0  0  0  0  0  0 ...  0  -20.0       1 ...
60   0  0  1  1  0  0  0  1  0  0  0  1  0  0  0  0 ...  1  -20.0       1 ...
143  0  0  0  0  0  0  0  0  1  0  0  0  0  0  0  0 ...  0  -20.0       1 ...
61   0  0  1  0  1  0  0  0  1  0  0  0  0  0  0  0 ...  1  -18.0       1 ...
62   0  0  1  0  0  0  0  0  0  0  0  0  0  0  0  0 ...  1  -18.0       1 ...
63   0  0  1  0  0  0  0  0  0  0  0  0  0  0  0  0 ...  1  -18.0       1 ...
64   0  0  0  0  0  0  0  0  0  0  0  0  1  0  0  0 ...  1  -18.0       1 ...
65   0  1  1  0  0  0  0  0  0  0  0  0  0  0  0  0 ...  1  -18.0       1 ...
66   0  0  1  0  0  0  0  1  0  0  0  0  0  0  0  0 ...  1  -18.0       1 ...
67   0  1  0  0  0  0  0  0  1  0  0  0  0  0  0  1 ...  1  -18.0       1 ...
68   0  1  1  1  0  0  0  0  0  0  0  0  0  0  0  0 ...  1  -18.0       1 ...
69   0  0  1  0  0  0  0  0  0  0  0  0  0  0  0  0 ...  0  -18.0       1 ...
70   0  1  0  1  0  0  0  0  0  0  1  0  0  0  1  0 ...  1  -18.0       1 ...
71   0  1  1  0  0  0  0  0  0  0  0  0  0  0  0  0 ...  0  -18.0       1 ...
72   0  0  1  1  0  0  0  1  0  0  0  0  0  0  0  1 ...  0  -18.0       1 ...
73   0  0  1  0  0  0  1  1  0  0  0  0  0  0  0  0 ...  1  -18.0       1 ...
74   0  0  1  0  0  0  0  0  0  0  0  0  0  1  0  0 ...  0  -18.0       1 ...
75   0  0  0  0  0  0  1  0  1  0  0  0  1  0  0  0 ...  1  -18.0       1 ...
76   0  0  1  1  0  0  0  1  0  0  0  0  0  0  0  0 ...  0  -18.0       1 ...
77   0  1  1  1  0  0  0  0  0  0  0  0  0  1  0  0 ...  0  -18.0       1 ...
78   0  1  0  0  0  0  0  0  0  0  0  1  0  0  1  0 ...  1  -18.0       1 ...
79   0  0  1  0  0  0  1  1  0  1  0  0  0  0  0  0 ...  1  -18.0       1 ...
80   0  0  0  0  0  0  0  1  0  0  0  0  0  0  0  1 ...  1  -18.0       1 ...
146  0  0  0  1  0  0  0  1  0  0  0  0  0  0  0  0 ...  1  -18.0       1 ...
81   0  0  1  0  1  0  0  0  0  1  0  0  0  0  0  0 ...  1  -16.0       1 ...
82   0  1  1  0  0  0  0  1  1  0  0  0  0  0  0  0 ...  1  -16.0       1 ...
83   0  0  1  0  0  0  0  0  0  0  0  0  0  0  0  0 ...  1  -16.0       1 ...
84   0  0  1  0  0  0  0  1  1  0  0  0  0  0  0  0 ...  1  -16.0       1 ...
85   1  0  0  0  1  0  0  1  1  0  0  1  0  0  1  0 ...  0  -16.0       1 ...
86   0  0  1  1  0  0  0  1  0  0  0  0  0  0  0  0 ...  1  -16.0       1 ...
87   0  0  1  0  0  0  1  1  0  1  0  0  0  0  1  0 ...  1  -16.0       1 ...
88   0  0  0  1  0  0  0  0  0  1  0  0  0  0  0  0 ...  1  -16.0       1 ...
89   0  0  0  0  0  0  0  0  0  0  1  0  1  1  0  0 ...  1  -16.0       1 ...
90   0  0  1  1  0  0  0  0  0  0  0  0  0  0  1  0 ...  0  -16.0       1 ...
91   0  0  1  0  0  0  0  1  0  0  0  0  0  1  0  0 ...  1  -16.0       1 ...
92   0  0  0  0  0  0  1  0  0  0  0  0  0  1  0  0 ...  1  -16.0       1 ...
93   0  0  0  1  0  0  0  1  0  0  0  0  0  0  0  0 ...  0  -16.0       1 ...
151  0  1  0  0  0  0  0  0  0  1  0  0  1  0  0  0 ...  1  -16.0       1 ...
168  0  0  1  0  1  0  0  1  0  0  0  0  0  0  0  1 ...  1  -16.0       1 ...
95   0  0  0  0  1  0  0  0  0  0  0  0  1  0  0  0 ...  1  -14.0       1 ...
96   0  0  1  1  0  0  0  0  0  0  0  0  0  0  0  0 ...  0  -14.0       1 ...
97   0  0  1  0  0  0  0  0  0  1  0  0  0  0  1  0 ...  1  -14.0       1 ...
98   0  1  1  0  0  0  0  0  0  0  0  0  0  0  0  0 ...  0  -14.0       1 ...
99   0  1  1  0  0  0  0  0  1  0  0  0  0  0  0  0 ...  1  -14.0       1 ...
100  0  1  1  0  0  0  0  0  0  0  0  0  0  1  0  0 ...  1  -14.0       1 ...
101  0  0  1  0  0  0  0  0  0  1  0  0  0  0  1  0 ...  0  -14.0       1 ...
102  0  0  0  0  0  0  1  1  0  0  0  0  0  0  1  0 ...  1  -14.0       1 ...
103  0  1  1  0  0  0  0  0  0  0  0  0  0  0  0  0 ...  1  -14.0       1 ...
104  0  1  0  0  0  0  0  1  0  0  0  1  0  0  0  0 ...  1  -14.0       1 ...
152  0  0  0  0  0  0  0  0  0  1  0  0  1  0  1  0 ...  1  -14.0       1 ...
105  0  0  0  0  1  0  0  1  0  0  0  0  0  0  0  0 ...  1  -12.0       1 ...
106  0  0  0  1  1  0  0  0  1  0  0  0  0  1  1  0 ...  0  -12.0       1 ...
107  0  1  1  1  0  0  0  0  0  0  0  0  0  0  0  0 ...  1  -12.0       1 ...
108  0  1  1  0  0  0  0  0  0  0  0  0  1  0  0  0 ...  1  -12.0       1 ...
109  0  1  0  0  0  0  0  1  0  0  0  1  0  0  1  0 ...  1  -12.0       1 ...
110  0  0  1  1  1  0  0  0  0  0  0  0  0  0  0  0 ...  1  -12.0       1 ...
111  0  0  0  1  0  0  0  1  0  0  0  0  0  0  0  0 ...  1  -12.0       1 ...
112  0  1  1  0  0  0  0  1  0  0  0  1  1  0  0  0 ...  1  -12.0       1 ...
113  0  1  0  0  0  0  1  0  0  0  1  0  0  0  1  0 ...  0  -12.0       1 ...
114  1  0  0  0  0  0  0  0  0  0  0  1  0  1  0  0 ...  0  -12.0       1 ...
147  0  0  1  0  0  0  1  0  1  1  0  0  0  0  0  0 ...  1  -12.0       1 ...
115  0  0  0  0  0  0  0  0  1  0  0  0  1  0  0  0 ...  1  -10.0       1 ...
116  1  0  0  0  0  0  0  0  0  0  0  0  0  1  0  0 ...  0  -10.0       1 ...
117  0  0  1  0  1  0  0  0  0  0  0  1  0  0  0  0 ...  1  -10.0       1 ...
118  0  0  1  0  0  0  1  0  0  0  0  1  1  0  0  0 ...  1  -10.0       1 ...
119  0  0  0  1  0  0  1  0  0  0  1  0  0  0  0  0 ...  1  -10.0       1 ...
120  0  0  0  1  0  0  0  1  0  0  0  0  1  0  1  0 ...  1  -10.0       1 ...
121  0  1  0  0  1  1  0  0  0  1  1  0  0  0  1  0 ...  0  -10.0       1 ...
122  0  1  1  0  0  0  0  0  1  0  0  0  0  0  1  0 ...  1  -10.0       1 ...
123  0  1  1  0  0  0  0  0  0  0  0  0  0  0  0  0 ...  0  -10.0       1 ...
124  0  0  1  1  0  0  0  1  1  0  0  0  0  0  0  0 ...  1  -10.0       1 ...
125  0  1  1  0  0  0  0  0  0  0  0  0  0  1  1  0 ...  1  -10.0       1 ...
126  0  1  0  0  0  1  0  0  0  0  0  0  0  0  1  0 ...  1  -10.0       1 ...
129  0  1  0  0  0  0  0  1  0  0  0  0  0  0  1  0 ...  1   -8.0       1 ...
130  0  1  0  1  0  0  0  0  0  0  0  0  0  1  1  0 ...  0   -8.0       1 ...
131  0  1  0  1  0  1  0  0  0  0  0  0  0  0  1  0 ...  1   -8.0       1 ...
132  0  1  1  1  0  0  0  0  0  0  0  0  0  1  0  0 ...  0   -8.0       1 ...
133  0  0  1  1  0  0  0  0  1  0  0  0  0  0  0  0 ...  0   -8.0       1 ...
134  0  1  1  0  1  0  0  1  0  0  0  0  0  0  0  0 ...  0   -6.0       1 ...
135  0  1  0  1  0  0  0  0  0  0  0  0  1  1  0  0 ...  1   -6.0       1 ...
136  0  1  0  1  0  0  0  1  0  0  0  0  0  0  0  0 ...  1   -6.0       1 ...
137  0  0  0  1  0  0  1  0  1  0  0  0  0  0  1  0 ...  1   -6.0       1 ...
138  0  0  0  1  0  0  0  1  0  1  0  0  0  0  1  0 ...  1   -6.0       1 ...
139  0  0  0  1  0  0  0  0  1  0  0  1  0  0  1  0 ...  1   -6.0       1 ...
157  0  0  1  0  0  0  0  0  0  0  0  0  1  0  1  0 ...  1   -6.0       1 ...
140  0  0  0  1  0  0  0  0  1  0  0  0  0  1  0  0 ...  1   -4.0       1 ...
141  0  0  1  0  0  0  0  1  0  1  0  0  0  0  0  0 ...  1   -4.0       1 ...
142  0  0  0  1  0  0  0  1  1  0  0  0  0  0  1  0 ...  1   -4.0       1 ...
162  0  0  0  1  0  0  0  1  0  0  0  0  0  0  0  1 ...  1   -4.0       1 ...
144  0  1  0  0  0  0  0  0  0  0  0  0  0  1  0  0 ...  1   -2.0       1 ...
145  0  1  0  1  0  0  0  1  0  0  0  1  0  0  1  0 ...  1   -2.0       1 ...
148  0  0  0  0  0  0  0  0  1  1  0  0  0  1  0  0 ...  0    0.0       1 ...
149  0  1  1  0  0  0  0  0  0  0  0  1  0  0  0  0 ...  1    0.0       1 ...
150  0  0  0  1  0  1  0  1  0  0  0  0  1  0  1  0 ...  1    0.0       1 ...
153  0  0  0  1  0  0  0  0  0  0  0  0  0  0  0  0 ...  1    2.0       1 ...
154  1  0  1  0  0  0  0  1  0  0  0  0  0  1  0  0 ...  0    2.0       1 ...
155  0  1  1  0  0  0  0  0  0  0  0  0  0  0  0  0 ...  0    2.0       1 ...
156  0  1  0  1  0  0  0  1  1  0  0  0  0  0  0  0 ...  0    4.0       1 ...
159  0  0  1  0  0  0  1  1  0  0  0  0  0  0  0  0 ...  0    4.0       1 ...
158  0  0  1  0  0  0  0  1  1  0  0  1  0  0  0  0 ...  0    8.0       1 ...
160  0  1  0  0  0  0  0  0  0  0  1  0  0  0  0  0 ...  1   10.0       1 ...
161  0  0  1  1  1  0  0  1  0  0  0  0  0  1  0  0 ...  1   10.0       1 ...
167  0  0  1  1  0  0  0  1  0  0  0  0  0  1  0  0 ...  1   10.0       1 ...
163  0  0  0  0  0  0  0  1  0  0  0  0  1  1  0  0 ...  1   14.0       1 ...
164  0  0  0  1  0  0  0  1  0  0  0  0  0  0  0  0 ...  0   14.0       1 ...
165  0  0  0  1  0  0  1  1  0  0  0  0  0  0  1  0 ...  1   14.0       1 ...
166  0  0  0  0  0  0  0  0  1  0  0  0  1  0  1  0 ...  1   20.0       1 ...
169  0  0  0  0  0  0  0  1  0  0  0  1  0  1  0  0 ...  1   34.0       1 ...
['BINARY', 170 rows, 170 samples, 64 variables] 

Saved results in file: queensN8by8.rep

Program run end

Leap IDE /workspace/simple-ocean-programs/Basic_Programs/04Nov2020 $ 
